Image 	 Size(Bytes) 	 Luminance 	 Contrast 	 AspectRatio 	 Width(Pixels) 	 Red 	 Green 	 Blue 
10101.jpg 	 138537 	 84.8827 	 0.2824 	 0.664444 	 450 	 89.7571 	 83.4068 	 79.6951 
10102.jpg 	 161793 	 91.0992 	 0.6065 	 0.666667 	 450 	 99.5731 	 88.8731 	 80.2954 
10103.jpg 	 132689 	 85.1257 	 0.2806 	 0.664444 	 450 	 95.2068 	 78.8360 	 91.0244 
10104.jpg 	 156652 	 84.8782 	 0.2204 	 0.664444 	 450 	 95.4764 	 75.9289 	 103.1474 
10105.jpg 	 153888 	 74.0701 	 0.4325 	 0.664444 	 450 	 93.2122 	 68.0748 	 54.7617 
10106.jpg 	 129765 	 97.9357 	 0.2570 	 0.664444 	 450 	 120.7884 	 88.7898 	 85.0865 
10107.jpg 	 179723 	 85.8804 	 0.4905 	 0.664444 	 450 	 89.6629 	 84.7451 	 81.7000 
10108.jpg 	 128776 	 92.1876 	 0.1734 	 0.664444 	 450 	 130.7265 	 77.8754 	 64.7157 
10109.jpg 	 125215 	 55.3802 	 0.3409 	 0.664444 	 450 	 65.0095 	 53.3754 	 40.2447 
10110.jpg 	 142628 	 60.1153 	 0.3802 	 0.664444 	 450 	 68.0913 	 58.1111 	 49.4777 
10111.jpg 	 126410 	 94.6336 	 0.2241 	 0.664444 	 450 	 103.5252 	 94.2704 	 73.0999 
10201.jpg 	 159448 	 92.1699 	 0.1400 	 0.664444 	 450 	 65.0793 	 105.7984 	 93.2605 
10202.jpg 	 108006 	 74.2577 	 0.2424 	 0.664444 	 450 	 61.7120 	 81.0670 	 72.1312 
10203.jpg 	 183821 	 101.3715 	 0.4447 	 0.664444 	 450 	 109.8545 	 101.4592 	 78.6026 
10204.jpg 	 160569 	 75.9622 	 0.4095 	 0.664444 	 450 	 66.7890 	 82.3508 	 67.2505 
10205.jpg 	 166925 	 96.8774 	 0.3421 	 0.666667 	 450 	 114.3667 	 92.5247 	 73.4009 
10206.jpg 	 123766 	 59.7222 	 0.1359 	 0.666667 	 450 	 61.1992 	 57.3687 	 68.0413 
10207.jpg 	 166331 	 51.7985 	 0.3513 	 0.666667 	 450 	 90.0893 	 35.4701 	 35.3978 
10301.jpg 	 183205 	 95.1405 	 0.6059 	 0.666667 	 450 	 95.3275 	 95.7630 	 91.4312 
10302.jpg 	 162541 	 69.5797 	 0.4368 	 0.664444 	 450 	 83.9148 	 62.4461 	 68.7263 
10303.jpg 	 143355 	 42.3125 	 0.3773 	 0.666667 	 450 	 55.9410 	 32.6319 	 56.4864 
10304.jpg 	 148679 	 80.6053 	 0.3251 	 0.664444 	 450 	 100.8562 	 74.1326 	 61.0268 
10305.jpg 	 169093 	 58.7540 	 0.5175 	 0.666667 	 450 	 56.4384 	 59.2682 	 62.2628 
10307.jpg 	 164272 	 83.1262 	 0.4292 	 0.664444 	 450 	 91.1690 	 81.6967 	 69.3030 
10308.jpg 	 164598 	 74.3440 	 0.2687 	 0.664444 	 450 	 89.7711 	 65.3257 	 80.3007 
10309.jpg 	 149942 	 66.2414 	 0.4151 	 0.664444 	 450 	 74.1256 	 64.1405 	 56.2352 
10310.jpg 	 106499 	 33.5612 	 0.1615 	 0.666667 	 450 	 45.5896 	 30.2683 	 19.0081 
10311.jpg 	 177364 	 105.0546 	 0.2508 	 0.664444 	 450 	 120.2393 	 102.9079 	 76.2235 
10312.jpg 	 150170 	 79.9981 	 0.4877 	 0.664444 	 450 	 86.8975 	 78.8230 	 67.9260 
10313.jpg 	 132815 	 88.3999 	 0.3437 	 0.664444 	 450 	 100.4679 	 83.9133 	 79.8750 
10314.jpg 	 155223 	 50.7153 	 0.2922 	 0.666667 	 450 	 61.6514 	 47.1864 	 40.1781 
10401.jpg 	 114225 	 168.6487 	 0.1666 	 0.666667 	 450 	 168.1460 	 166.6548 	 180.2694 
10402.jpg 	 109576 	 94.3875 	 0.1324 	 0.664444 	 450 	 104.8176 	 92.5997 	 76.2252 
10403.jpg 	 108953 	 221.9395 	 0.1977 	 0.664444 	 450 	 230.6434 	 218.8904 	 214.7938 
10502.jpg 	 84589 	 176.1369 	 0.1040 	 0.666667 	 450 	 178.5053 	 176.1832 	 169.6794 
10601.jpg 	 158974 	 86.5838 	 0.4861 	 0.664444 	 450 	 69.4467 	 88.5253 	 121.6814 
10602.jpg 	 129810 	 77.7205 	 0.2706 	 0.664444 	 450 	 84.2537 	 74.4581 	 77.4924 
10603.jpg 	 131468 	 54.6761 	 0.2328 	 0.666667 	 450 	 59.3175 	 52.7679 	 52.3428 
10604.jpg 	 185728 	 68.7446 	 0.4603 	 0.664444 	 450 	 83.6634 	 64.3426 	 52.2504 
10605.jpg 	 118960 	 85.5882 	 0.1512 	 0.664444 	 450 	 107.9174 	 79.4245 	 58.7052 
10606.jpg 	 169047 	 69.1408 	 0.4077 	 0.664444 	 450 	 79.5135 	 65.7555 	 59.4429 
10607.jpg 	 129230 	 53.6173 	 0.3796 	 0.664444 	 450 	 72.4908 	 46.5422 	 40.4919 
10608.jpg 	 104011 	 76.6937 	 0.1513 	 0.664444 	 450 	 92.6048 	 73.4084 	 51.9083 
10609.jpg 	 209887 	 91.1882 	 0.5148 	 0.666667 	 450 	 121.7686 	 82.2539 	 56.9732 
10610.jpg 	 173288 	 60.5710 	 0.5335 	 0.666667 	 450 	 68.3496 	 58.5376 	 50.6177 
10611.jpg 	 157651 	 71.2842 	 0.3969 	 0.664444 	 450 	 96.4425 	 64.1221 	 42.1707 
10612.jpg 	 169614 	 78.1465 	 0.3855 	 0.666667 	 450 	 95.9543 	 74.0636 	 52.4335 
10701.jpg 	 119476 	 103.6602 	 0.1719 	 0.664444 	 450 	 81.4907 	 112.0754 	 118.5268 
10801.jpg 	 77580 	 208.3271 	 0.1264 	 0.664444 	 450 	 211.3301 	 206.8017 	 208.6171 
10802.jpg 	 144844 	 120.9489 	 0.1747 	 0.666667 	 450 	 108.2207 	 130.3518 	 105.8595 
10803.jpg 	 82853 	 63.2895 	 0.0914 	 0.664444 	 450 	 56.0928 	 67.7856 	 59.0480 
10902.jpg 	 136236 	 83.0081 	 0.1511 	 0.666667 	 450 	 120.8711 	 68.3516 	 59.1801 
10903.jpg 	 179653 	 85.6141 	 0.4098 	 0.664444 	 450 	 92.8425 	 86.7495 	 60.7709 
10904.jpg 	 179616 	 56.3726 	 0.3600 	 0.664444 	 450 	 79.8827 	 47.8362 	 38.5961 
10905.jpg 	 220787 	 99.1519 	 0.5867 	 0.666667 	 450 	 127.3200 	 92.3765 	 60.1390 
10906.jpg 	 147249 	 86.7550 	 0.3046 	 0.666667 	 450 	 107.3530 	 78.8910 	 73.1745 
10907.jpg 	 170440 	 78.0931 	 0.3933 	 0.666667 	 450 	 92.6610 	 75.0131 	 55.7261 
10908.jpg 	 135850 	 75.4220 	 0.3537 	 0.666667 	 450 	 73.3479 	 78.9276 	 62.7929 
10909.jpg 	 195964 	 74.9889 	 0.6068 	 0.664444 	 450 	 95.4150 	 68.3702 	 55.4516 
10910.jpg 	 140210 	 100.7415 	 0.2362 	 0.666667 	 450 	 124.3288 	 94.8416 	 69.2011 
10911.jpg 	 163039 	 60.6462 	 0.2776 	 0.666667 	 450 	 78.1156 	 55.1812 	 42.9266 
10912.jpg 	 178624 	 96.5998 	 0.3831 	 0.664444 	 450 	 121.0815 	 90.1617 	 65.4854 
10913.jpg 	 177308 	 89.6264 	 0.3265 	 0.664444 	 450 	 113.0494 	 82.7371 	 63.6290 
10915.jpg 	 128921 	 60.3763 	 0.3438 	 0.664444 	 450 	 69.0647 	 59.8126 	 40.5151 
11001.jpg 	 84403 	 198.5575 	 0.0991 	 0.664444 	 450 	 215.7012 	 191.4312 	 190.3480 
11002.jpg 	 70679 	 26.8431 	 0.0746 	 0.664444 	 450 	 19.6248 	 31.9647 	 19.3802 
11003.jpg 	 136747 	 90.3228 	 0.2224 	 0.666667 	 450 	 90.1115 	 89.7789 	 93.7180 
20101.jpg 	 78449 	 73.0679 	 0.1467 	 0.664444 	 450 	 77.9414 	 71.6077 	 67.7440 
20201.jpg 	 57169 	 36.2556 	 0.1618 	 0.666667 	 450 	 40.5773 	 34.4505 	 34.0742 
20301.jpg 	 93067 	 106.5024 	 0.1283 	 0.664444 	 450 	 106.5520 	 107.1137 	 102.9003 
20302.jpg 	 92798 	 138.8370 	 0.1606 	 0.666667 	 450 	 139.0620 	 139.8112 	 133.3071 
20303.jpg 	 100561 	 98.5431 	 0.1298 	 0.664444 	 450 	 93.1357 	 99.1613 	 109.5185 
20304.jpg 	 124027 	 110.6374 	 0.3247 	 0.664444 	 450 	 114.1799 	 108.8402 	 110.8026 
20401.jpg 	 82186 	 201.8066 	 0.1745 	 0.664444 	 450 	 200.4918 	 201.9498 	 204.3094 
20402.jpg 	 165432 	 143.5988 	 0.3076 	 0.662222 	 450 	 142.5215 	 143.2477 	 148.2177 
20403.jpg 	 83929 	 91.8478 	 0.1117 	 0.664444 	 450 	 95.6488 	 90.0944 	 91.0688 
20404.jpg 	 110772 	 94.0302 	 0.1765 	 0.666667 	 450 	 105.1973 	 92.2162 	 74.0940 
20405.jpg 	 103416 	 146.6502 	 0.1923 	 0.664444 	 450 	 152.7956 	 144.7253 	 140.3870 
20406.jpg 	 118642 	 60.8683 	 0.1749 	 0.664444 	 450 	 59.4693 	 63.6220 	 50.4656 
20407.jpg 	 69614 	 125.1889 	 0.1170 	 0.666667 	 450 	 125.1889 	 125.1889 	 125.1889 
20501.jpg 	 148372 	 125.5006 	 0.6988 	 0.666667 	 450 	 125.5006 	 125.5006 	 125.5006 
20601.jpg 	 95338 	 215.9688 	 0.1641 	 0.664444 	 450 	 234.9067 	 210.0326 	 196.8563 
20701.jpg 	 119827 	 81.4428 	 0.1398 	 0.664444 	 450 	 80.7196 	 85.6269 	 61.7251 
20702.jpg 	 78727 	 122.1422 	 0.1573 	 0.668151 	 449 	 122.1416 	 122.1426 	 122.1544 
20801.jpg 	 88765 	 51.1376 	 0.0755 	 0.664444 	 450 	 56.6089 	 49.7343 	 44.2081 
20802.jpg 	 161189 	 142.4339 	 0.3353 	 0.664444 	 450 	 163.6232 	 139.8843 	 99.9911 
20901.jpg 	 116664 	 85.3373 	 0.1512 	 0.664444 	 450 	 108.9237 	 77.8312 	 61.9629 
20902.jpg 	 117559 	 106.9099 	 0.1312 	 0.666667 	 450 	 117.7365 	 104.4669 	 91.4092 
21001.jpg 	 153050 	 131.6897 	 0.1976 	 0.666667 	 450 	 167.8875 	 122.5379 	 83.7549 
21002.jpg 	 107148 	 80.4559 	 0.1118 	 0.664444 	 450 	 89.2117 	 76.7979 	 76.3735 
21003.jpg 	 109500 	 115.8273 	 0.1729 	 0.664444 	 450 	 118.1902 	 111.6325 	 131.0728 
21004.jpg 	 129983 	 128.6428 	 0.1552 	 0.666667 	 450 	 148.2137 	 119.4227 	 124.8801 
21101.jpg 	 211438 	 81.9126 	 0.8085 	 0.664444 	 450 	 133.8816 	 63.9755 	 37.9563 
21201.jpg 	 106354 	 131.4463 	 0.1719 	 0.664444 	 450 	 161.1233 	 121.8016 	 103.2144 
21202.jpg 	 124313 	 155.0497 	 0.2290 	 0.664444 	 450 	 158.6445 	 154.2867 	 149.6412 
21203.jpg 	 97848 	 197.2527 	 0.2292 	 0.664444 	 450 	 205.0844 	 193.6254 	 195.3982 
21301.jpg 	 63882 	 106.8551 	 0.0510 	 0.666667 	 450 	 106.8553 	 106.8571 	 106.8451 
21302.jpg 	 35429 	 10.0447 	 0.1210 	 0.664444 	 450 	 10.6410 	 10.0801 	 8.3096 
30101.jpg 	 80984 	 186.2579 	 0.0827 	 0.664444 	 450 	 174.8604 	 187.2052 	 211.3069 
30201.jpg 	 159374 	 115.9299 	 0.2349 	 0.666667 	 450 	 136.3364 	 111.2706 	 86.3802 
30202.jpg 	 113859 	 106.5418 	 0.2068 	 0.666667 	 450 	 109.1293 	 104.5630 	 110.0967 
30203.jpg 	 142304 	 169.6999 	 0.5167 	 0.664444 	 450 	 188.3357 	 164.8116 	 145.9584 
30204.jpg 	 111404 	 128.8934 	 0.1693 	 0.666667 	 450 	 137.9460 	 128.9850 	 104.7119 
30205.jpg 	 143699 	 164.6291 	 0.3994 	 0.666667 	 450 	 163.5412 	 166.7163 	 156.5273 
30301.jpg 	 111359 	 125.0295 	 0.1142 	 0.664444 	 450 	 85.7258 	 135.1580 	 176.0297 
30302.jpg 	 111746 	 166.6799 	 0.1384 	 0.666667 	 450 	 182.0934 	 164.6735 	 136.4874 
30303.jpg 	 77881 	 125.4164 	 0.1023 	 0.664444 	 450 	 138.8516 	 119.4366 	 120.8931 
30401.jpg 	 195779 	 119.8227 	 0.4214 	 0.666667 	 450 	 154.4324 	 108.0567 	 89.6448 
30402.jpg 	 112748 	 125.1554 	 0.1294 	 0.664444 	 450 	 163.8973 	 108.7869 	 107.8010 
30403.jpg 	 150881 	 165.2350 	 0.2852 	 0.664444 	 450 	 155.4732 	 171.3419 	 159.3929 
30404.jpg 	 132498 	 152.9687 	 0.2283 	 0.666667 	 450 	 145.7783 	 161.8254 	 126.3336 
30405.jpg 	 130683 	 170.0316 	 0.1219 	 0.664444 	 450 	 204.7918 	 160.0568 	 130.1324 
30406.jpg 	 166768 	 126.1475 	 0.3268 	 0.666667 	 450 	 154.1866 	 116.5791 	 101.8317 
30501.jpg 	 128965 	 143.2958 	 0.2124 	 0.666667 	 450 	 146.5051 	 144.3262 	 129.6781 
30502.jpg 	 94660 	 139.9305 	 0.0926 	 0.666667 	 450 	 133.6972 	 142.1920 	 144.7285 
30503.jpg 	 135035 	 122.3915 	 0.1641 	 0.666667 	 450 	 109.2222 	 124.2227 	 147.5432 
30601.jpg 	 129631 	 112.6159 	 0.1940 	 0.664444 	 450 	 103.1090 	 115.3002 	 123.6290 
30602.jpg 	 227692 	 173.0804 	 0.7352 	 0.666667 	 450 	 202.0939 	 167.6935 	 124.5528 
30603.jpg 	 72950 	 124.8058 	 0.0951 	 0.664444 	 450 	 146.8943 	 125.5831 	 62.4349 
30701.jpg 	 166717 	 74.5891 	 0.2849 	 0.664444 	 450 	 90.5612 	 72.3023 	 44.4476 
30702.jpg 	 159529 	 119.2920 	 0.4161 	 0.664444 	 450 	 104.4103 	 122.4579 	 142.1101 
30703.jpg 	 138824 	 109.2604 	 0.2349 	 0.664444 	 450 	 113.9436 	 111.9899 	 82.8975 
30801.jpg 	 90692 	 177.7689 	 0.0877 	 0.666667 	 450 	 191.1456 	 173.7480 	 163.6293 
30802.jpg 	 111265 	 203.8924 	 0.1461 	 0.664444 	 450 	 224.6959 	 197.9689 	 179.8940 
30901.jpg 	 86333 	 211.5553 	 0.0499 	 0.664444 	 450 	 208.6028 	 220.3423 	 174.0225 
30902.jpg 	 149875 	 127.7656 	 0.2102 	 0.664444 	 450 	 152.8269 	 128.8993 	 56.0939 
30903.jpg 	 134856 	 110.5990 	 0.2576 	 0.664444 	 450 	 113.3056 	 115.9943 	 75.7496 
31001.jpg 	 114233 	 107.2237 	 0.1151 	 0.664444 	 450 	 75.4422 	 118.1288 	 134.5179 
31101.jpg 	 113894 	 135.6696 	 0.1316 	 0.664444 	 450 	 156.5260 	 137.0934 	 73.6040 
42002.jpg 	 158457 	 120.1474 	 0.2248 	 0.666667 	 450 	 116.7659 	 117.3057 	 143.6715 
42026.jpg 	 198733 	 111.9537 	 0.4438 	 0.664444 	 450 	 141.4631 	 100.9458 	 91.2495 
42102.jpg 	 121443 	 123.7809 	 0.1875 	 0.666667 	 450 	 134.8401 	 121.7418 	 105.3117 
42191.jpg 	 206277 	 81.8589 	 0.5317 	 0.664444 	 450 	 92.8920 	 81.0850 	 56.8928 
42200.jpg 	 101063 	 58.7264 	 0.0857 	 0.664444 	 450 	 93.0853 	 45.4177 	 37.2961 
42206.jpg 	 102386 	 160.1341 	 0.2314 	 0.666667 	 450 	 175.8736 	 153.1314 	 154.7298 
42210.jpg 	 92489 	 55.5659 	 0.0752 	 0.664444 	 450 	 66.9107 	 53.5947 	 35.8400 
42215.jpg 	 120633 	 132.3284 	 0.1205 	 0.664444 	 450 	 178.9178 	 116.3247 	 92.6010 
42273.jpg 	 155042 	 180.7728 	 0.3553 	 0.666667 	 450 	 190.2494 	 178.6818 	 166.4913 
42305.jpg 	 148719 	 98.2067 	 0.3378 	 0.664444 	 450 	 113.5043 	 93.5176 	 82.1996 
42308.jpg 	 171341 	 139.0594 	 0.2656 	 0.666667 	 450 	 159.0996 	 135.4237 	 105.0877 
42374.jpg 	 207806 	 94.7812 	 0.4882 	 0.666667 	 450 	 93.7838 	 98.6092 	 77.6463 
42377.jpg 	 144259 	 108.0837 	 0.2347 	 0.666667 	 450 	 112.5016 	 108.3098 	 95.2999 
42382.jpg 	 135561 	 130.1618 	 0.2631 	 0.666667 	 450 	 132.3378 	 130.0781 	 124.8217 
42384.jpg 	 154949 	 142.0944 	 0.2451 	 0.664444 	 450 	 135.5384 	 151.7776 	 109.5172 
42390.jpg 	 189668 	 93.4181 	 0.9177 	 0.666667 	 450 	 98.7895 	 91.7572 	 87.8447 
42393.jpg 	 162360 	 64.4692 	 0.4552 	 0.664444 	 450 	 69.9402 	 60.4147 	 71.0736 
42396.jpg 	 150754 	 91.6236 	 0.3333 	 0.666667 	 450 	 87.6553 	 93.7909 	 90.8625 
42397.jpg 	 119846 	 96.2991 	 0.1932 	 0.664444 	 450 	 106.1048 	 97.0492 	 66.5778 
42411.jpg 	 170581 	 174.8127 	 0.3303 	 0.664444 	 450 	 181.5037 	 175.4824 	 153.6844 
42441.jpg 	 148703 	 136.4758 	 0.3045 	 0.664444 	 450 	 143.7946 	 133.8707 	 130.6841 
42445.jpg 	 111268 	 128.1499 	 0.1157 	 0.666667 	 450 	 150.2185 	 119.8158 	 113.1043 
42446.jpg 	 169926 	 98.9901 	 0.3440 	 0.664444 	 450 	 117.3424 	 92.2526 	 85.4990 
42484.jpg 	 159261 	 116.4880 	 0.3148 	 0.666667 	 450 	 113.9908 	 115.5400 	 127.9007 
42493.jpg 	 108623 	 73.2341 	 0.1120 	 0.666667 	 450 	 75.9944 	 71.2594 	 76.1279 
42514.jpg 	 150559 	 125.5108 	 0.3364 	 0.666667 	 450 	 172.2030 	 112.1842 	 71.6238 
42579.jpg 	 155707 	 112.3488 	 0.3369 	 0.666667 	 450 	 118.8159 	 107.7556 	 119.0225 
42595.jpg 	 140124 	 113.8349 	 0.2551 	 0.664444 	 450 	 122.4990 	 108.8490 	 116.8135 
42597.jpg 	 171292 	 73.6092 	 0.5034 	 0.666667 	 450 	 82.7984 	 69.1890 	 72.2937 
42745.jpg 	 221434 	 125.2339 	 0.8827 	 0.664444 	 450 	 133.8938 	 121.3262 	 122.6318 
42749.jpg 	 154389 	 94.8054 	 0.2988 	 0.666667 	 450 	 111.8612 	 87.7483 	 86.3486 
42840.jpg 	 135513 	 94.3852 	 0.2016 	 0.666667 	 450 	 125.8102 	 86.4353 	 52.8259 
42850.jpg 	 142758 	 82.5948 	 0.2300 	 0.666667 	 450 	 114.5304 	 72.9255 	 48.6065 
42870.jpg 	 164568 	 76.4583 	 0.4556 	 0.666667 	 450 	 86.8858 	 74.2010 	 60.7055 
42880.jpg 	 128621 	 123.2464 	 0.1865 	 0.666667 	 450 	 137.4573 	 119.4837 	 105.2887 
44573.jpg 	 163737 	 77.9103 	 0.2754 	 0.664444 	 450 	 64.4539 	 83.5490 	 84.2649 
45460.jpg 	 149970 	 83.4082 	 0.4009 	 0.664444 	 450 	 89.2825 	 82.2000 	 74.2098 
45470.jpg 	 135766 	 106.8664 	 0.3615 	 0.664444 	 450 	 100.5940 	 107.7522 	 118.7986 
45535.jpg 	 131578 	 140.5564 	 0.1835 	 0.664444 	 450 	 155.9556 	 133.8359 	 134.7518 
45740.jpg 	 177349 	 124.9189 	 0.4135 	 0.668151 	 449 	 142.2824 	 119.8431 	 105.4541 
46570.jpg 	 110585 	 40.3682 	 0.1112 	 0.666667 	 450 	 37.2387 	 43.3549 	 32.8583 
47006.jpg 	 102983 	 80.2408 	 0.0952 	 0.666667 	 450 	 93.3341 	 77.1275 	 61.9469 
47010.jpg 	 175185 	 64.6529 	 0.4047 	 0.666667 	 450 	 105.2603 	 52.1451 	 22.4938 
47040.jpg 	 133714 	 144.5592 	 0.2013 	 0.664444 	 450 	 137.5986 	 151.3934 	 127.6114 
47041.jpg 	 138316 	 88.6363 	 0.2170 	 0.668151 	 449 	 113.3564 	 80.0521 	 67.9310 
47130.jpg 	 140616 	 78.7410 	 0.3902 	 0.666667 	 450 	 97.0728 	 72.1367 	 64.6626 
47150.jpg 	 107870 	 138.5515 	 0.1809 	 0.666667 	 450 	 140.0309 	 137.4133 	 140.5020 
47496.jpg 	 165610 	 79.7343 	 0.5158 	 0.666667 	 450 	 91.2580 	 76.1288 	 68.0428 
47497.jpg 	 227575 	 115.7835 	 0.9626 	 0.666667 	 450 	 132.0410 	 112.6900 	 89.0167 
47550.jpg 	 142189 	 89.0154 	 0.2554 	 0.666667 	 450 	 91.2345 	 92.3699 	 65.9281 
47632.jpg 	 140601 	 141.7712 	 0.1903 	 0.666667 	 450 	 143.0986 	 142.4810 	 134.5632 
49901.jpg 	 163412 	 133.9237 	 0.3876 	 0.666667 	 450 	 167.0729 	 123.4904 	 100.4917 
49902.jpg 	 194713 	 165.9283 	 0.3885 	 0.666667 	 450 	 223.8308 	 154.3810 	 73.4460 
49903.jpg 	 160336 	 170.8155 	 0.3637 	 0.664444 	 450 	 184.0850 	 175.7437 	 110.5317 
49904.jpg 	 154634 	 150.3712 	 0.3203 	 0.664444 	 450 	 107.5389 	 164.2434 	 191.2544 
49905.jpg 	 174473 	 151.5755 	 0.5595 	 0.666667 	 450 	 213.6747 	 130.7254 	 96.0407 
49906.jpg 	 168716 	 192.8579 	 0.2378 	 0.664444 	 450 	 202.0189 	 207.1577 	 95.0961 
49907.jpg 	 180697 	 138.3869 	 0.4485 	 0.664444 	 450 	 171.4146 	 125.8865 	 116.0255 
51006.jpg 	 148740 	 66.1189 	 0.2212 	 0.664444 	 450 	 71.3054 	 65.2513 	 56.9451 
51048.jpg 	 141138 	 102.2560 	 0.2998 	 0.664444 	 450 	 90.5798 	 106.6101 	 110.5454 
51055.jpg 	 128245 	 85.2444 	 0.3007 	 0.664444 	 450 	 85.2408 	 85.8152 	 82.2835 
51059.jpg 	 121215 	 75.1124 	 0.2365 	 0.666667 	 450 	 77.1058 	 75.7523 	 66.5887 
51078.jpg 	 129544 	 139.3675 	 0.2502 	 0.664444 	 450 	 146.0177 	 137.6861 	 130.5359 
51155.jpg 	 106709 	 81.1883 	 0.1523 	 0.664444 	 450 	 91.4495 	 77.6211 	 72.9260 
51166.jpg 	 135671 	 92.3628 	 0.2330 	 0.664444 	 450 	 92.0856 	 94.7623 	 80.6923 
51180.jpg 	 118015 	 96.2652 	 0.1609 	 0.664444 	 450 	 104.0339 	 94.7396 	 83.7337 
51182.jpg 	 99882 	 154.5245 	 0.1343 	 0.664444 	 450 	 158.5212 	 152.9356 	 152.2400 
51190.jpg 	 128759 	 122.7852 	 0.1538 	 0.666667 	 450 	 140.7494 	 118.9172 	 95.5326 
51192.jpg 	 103347 	 117.1824 	 0.1532 	 0.664444 	 450 	 119.8895 	 119.4829 	 98.4187 
51198.jpg 	 147588 	 79.0126 	 0.2378 	 0.666667 	 450 	 87.1649 	 77.8623 	 63.5284 
51200.jpg 	 102281 	 100.6999 	 0.1006 	 0.666667 	 450 	 111.1419 	 95.1680 	 101.7455 
51205.jpg 	 118926 	 128.4816 	 0.1380 	 0.666667 	 450 	 148.9952 	 122.0530 	 107.6006 
51208.jpg 	 122697 	 117.8219 	 0.2190 	 0.664444 	 450 	 120.7465 	 116.5611 	 116.9129 
51209.jpg 	 120142 	 98.2175 	 0.1706 	 0.664444 	 450 	 106.2146 	 95.8315 	 89.4221 
51211.jpg 	 141321 	 111.5008 	 0.2892 	 0.666667 	 450 	 119.4216 	 108.5883 	 105.4452 
51216.jpg 	 108418 	 83.2679 	 0.1141 	 0.666667 	 450 	 92.4327 	 79.7400 	 77.4090 
51218.jpg 	 144427 	 83.8272 	 0.2722 	 0.664444 	 450 	 99.7572 	 81.3026 	 54.9800 
51220.jpg 	 113693 	 143.2336 	 0.1880 	 0.664444 	 450 	 149.7178 	 140.6441 	 139.5875 
51222.jpg 	 123587 	 70.1028 	 0.1777 	 0.666667 	 450 	 66.2651 	 73.0346 	 65.1122 
51268.jpg 	 156916 	 124.1837 	 0.2535 	 0.666667 	 450 	 135.9280 	 119.6777 	 116.5588 
51276.jpg 	 122883 	 136.3896 	 0.2001 	 0.664444 	 450 	 134.6382 	 137.6799 	 134.3143 
51278.jpg 	 138123 	 122.3234 	 0.2749 	 0.664444 	 450 	 124.5551 	 121.1503 	 122.3320 
51289.jpg 	 120732 	 178.5103 	 0.2797 	 0.664444 	 450 	 180.8337 	 177.9319 	 174.5260 
51305.jpg 	 126485 	 86.3633 	 0.1942 	 0.664444 	 450 	 96.8105 	 83.8118 	 72.0744 
51309.jpg 	 144985 	 114.1297 	 0.3142 	 0.666667 	 450 	 115.6271 	 113.2198 	 114.8850 
51311.jpg 	 117614 	 87.9171 	 0.2233 	 0.664444 	 450 	 89.0128 	 87.5545 	 86.8687 
51312.jpg 	 126085 	 107.5751 	 0.1705 	 0.664444 	 450 	 92.3049 	 112.0254 	 124.6400 
51315.jpg 	 118961 	 142.2362 	 0.2082 	 0.664444 	 450 	 147.4608 	 141.5544 	 132.0272 
51336.jpg 	 130226 	 119.9148 	 0.2589 	 0.664444 	 450 	 121.5541 	 120.0923 	 114.7845 
52089.jpg 	 183372 	 154.6885 	 0.2972 	 0.664444 	 450 	 175.1072 	 149.0776 	 129.9710 
52208.jpg 	 149494 	 164.4209 	 0.2440 	 0.666667 	 450 	 171.8620 	 162.5563 	 154.5018 
52226.jpg 	 101380 	 88.1552 	 0.0929 	 0.666667 	 450 	 120.4623 	 80.6827 	 41.8769 
52244.jpg 	 132251 	 114.8966 	 0.3136 	 0.664444 	 450 	 112.0140 	 115.9842 	 116.9238 
52299.jpg 	 171825 	 119.7743 	 0.5264 	 0.664444 	 450 	 120.2081 	 120.1402 	 116.7500 
52311.jpg 	 106620 	 146.6687 	 0.1358 	 0.664444 	 450 	 143.6499 	 147.6716 	 149.3183 
53014.jpg 	 129927 	 140.4027 	 0.3380 	 0.664444 	 450 	 131.6848 	 142.4785 	 152.4208 
53056.jpg 	 107726 	 96.4821 	 0.1207 	 0.664444 	 450 	 96.6664 	 96.8638 	 94.0012 
53091.jpg 	 106608 	 45.0961 	 0.0847 	 0.664444 	 450 	 56.1961 	 40.6542 	 38.9766 
53097.jpg 	 183946 	 93.7977 	 0.5120 	 0.664444 	 450 	 103.4954 	 90.9518 	 83.0068 
53135.jpg 	 124064 	 113.2633 	 0.1710 	 0.664444 	 450 	 104.3017 	 116.9198 	 117.9510 
53146.jpg 	 155090 	 113.3290 	 0.2600 	 0.664444 	 450 	 113.1426 	 114.7581 	 106.4542 
53150.jpg 	 111843 	 97.2451 	 0.1574 	 0.664444 	 450 	 99.0320 	 98.7224 	 85.0607 
53159.jpg 	 153843 	 75.0824 	 0.3036 	 0.666667 	 450 	 69.9776 	 78.0949 	 73.0091 
67000.jpg 	 111586 	 91.8429 	 0.0848 	 0.664444 	 450 	 122.1414 	 86.1928 	 41.3947 
67004.jpg 	 165831 	 76.0880 	 0.3151 	 0.664444 	 450 	 106.9348 	 66.0219 	 46.9009 
67006.jpg 	 103825 	 79.8842 	 0.0957 	 0.664444 	 450 	 93.1157 	 76.6640 	 61.7694 
67009.jpg 	 118176 	 88.2602 	 0.0678 	 0.664444 	 450 	 129.6298 	 77.8385 	 33.3486 
67012.jpg 	 168124 	 202.0563 	 0.2915 	 0.666667 	 450 	 194.3245 	 204.8855 	 207.8163 
67020.jpg 	 133918 	 128.2904 	 0.2277 	 0.664444 	 450 	 103.6408 	 138.3391 	 141.2479 
67034.jpg 	 148580 	 159.9562 	 0.2187 	 0.664444 	 450 	 159.7996 	 162.2878 	 148.3419 
67035.jpg 	 111111 	 148.9773 	 0.1102 	 0.664444 	 450 	 134.0766 	 158.7442 	 137.7787 
67041.jpg 	 143374 	 88.3713 	 0.2220 	 0.664444 	 450 	 113.1276 	 79.7777 	 67.6217 
67052.jpg 	 116063 	 175.5347 	 0.1759 	 0.666667 	 450 	 179.0957 	 176.7261 	 160.0903 
67056.jpg 	 97981 	 183.1395 	 0.1197 	 0.664444 	 450 	 191.7560 	 180.2510 	 175.4354 
67059.jpg 	 84953 	 172.8861 	 0.1397 	 0.664444 	 450 	 171.2280 	 174.0055 	 171.5554 
67062.jpg 	 141263 	 116.1850 	 0.1827 	 0.666667 	 450 	 119.8672 	 115.2511 	 111.5018 
67090.jpg 	 144846 	 120.5838 	 0.3439 	 0.664444 	 450 	 129.1277 	 116.0521 	 121.4386 
67100.jpg 	 119531 	 101.5157 	 0.1867 	 0.664444 	 450 	 99.9158 	 106.4533 	 80.2393 
67150.jpg 	 107870 	 138.5515 	 0.1809 	 0.666667 	 450 	 140.0309 	 137.4133 	 140.5020 
67175.jpg 	 100503 	 50.7569 	 0.0982 	 0.664444 	 450 	 65.4993 	 45.8775 	 37.1082 
67185.jpg 	 150077 	 136.5157 	 0.7581 	 0.666667 	 450 	 176.4506 	 121.5790 	 108.6269 
67187.jpg 	 94167 	 143.4238 	 0.2629 	 0.666667 	 450 	 160.8274 	 138.1743 	 124.7783 
67205.jpg 	 160003 	 68.3720 	 0.1543 	 0.664444 	 450 	 92.1962 	 56.7853 	 65.5681 
67217.jpg 	 90381 	 92.4770 	 0.1945 	 0.664444 	 450 	 90.8193 	 95.2588 	 82.4413 
67224.jpg 	 84708 	 91.2715 	 0.2303 	 0.664444 	 450 	 96.9445 	 94.4652 	 59.8981 
67300.jpg 	 195066 	 113.1518 	 0.3440 	 0.664444 	 450 	 129.4657 	 108.5523 	 94.0294 
67491.jpg 	 131930 	 41.1386 	 0.2514 	 0.664444 	 450 	 41.4528 	 42.0739 	 35.5704 
71050.jpg 	 68100 	 30.9137 	 0.0947 	 0.664444 	 450 	 37.3753 	 29.5192 	 20.5767 
71205.jpg 	 159581 	 69.4765 	 0.3156 	 0.664444 	 450 	 88.5378 	 62.6782 	 54.4863 
71274.jpg 	 126172 	 115.7970 	 0.1768 	 0.664444 	 450 	 79.6974 	 130.2516 	 136.2997 
71931.jpg 	 119867 	 93.3839 	 0.1298 	 0.664444 	 450 	 17.5959 	 115.2465 	 179.5700 
72399.jpg 	 84263 	 46.3592 	 0.1024 	 0.664444 	 450 	 56.7665 	 41.8830 	 42.0437 
72490.jpg 	 149506 	 154.9493 	 0.3249 	 0.664444 	 450 	 157.8885 	 156.9395 	 136.9537 
72900.jpg 	 111203 	 71.8276 	 0.1072 	 0.664444 	 450 	 93.4258 	 64.5994 	 52.4392 
73185.jpg 	 106634 	 116.1446 	 0.1140 	 0.666667 	 450 	 128.3989 	 113.1499 	 99.4312 
73500.jpg 	 145416 	 84.4196 	 0.3478 	 0.664444 	 450 	 125.1964 	 68.8074 	 57.8849 
77013.jpg 	 149054 	 143.7284 	 0.2597 	 0.666667 	 450 	 160.8539 	 141.2197 	 111.6449 
77032.jpg 	 174611 	 155.0510 	 0.3477 	 0.664444 	 450 	 160.1704 	 157.0015 	 131.4958 
77078.jpg 	 176781 	 159.9933 	 0.3001 	 0.664444 	 450 	 162.3819 	 165.3923 	 125.9283 
78485.jpg 	 196798 	 105.2970 	 0.3621 	 0.664444 	 450 	 168.0789 	 88.4340 	 27.4973 
79000.jpg 	 212180 	 51.6039 	 1.2308 	 0.666667 	 450 	 37.0993 	 59.2866 	 50.2242 
79045.jpg 	 102317 	 56.8959 	 0.1437 	 0.664444 	 450 	 84.4173 	 48.6812 	 27.0343 
79101.jpg 	 96000 	 37.5565 	 0.2785 	 0.664444 	 450 	 31.5159 	 36.3073 	 58.9290 
79110.jpg 	 160808 	 92.3295 	 0.3129 	 0.664444 	 450 	 99.6376 	 94.0532 	 64.2672 
79163.jpg 	 151500 	 123.7499 	 0.2783 	 0.664444 	 450 	 132.4929 	 121.1002 	 114.4088 
79183.jpg 	 188267 	 117.8630 	 0.3384 	 0.666667 	 450 	 134.6506 	 115.4581 	 86.1528 
79220.jpg 	 140730 	 83.6874 	 0.2141 	 0.664444 	 450 	 93.0853 	 85.4738 	 49.9522 
79291.jpg 	 169481 	 122.8152 	 0.3813 	 0.664444 	 450 	 126.2275 	 121.2676 	 121.8191 
79331.jpg 	 95587 	 42.6455 	 0.2764 	 0.664444 	 450 	 47.5148 	 41.7795 	 34.3716 
79600.jpg 	 134892 	 82.5657 	 0.3220 	 0.664444 	 450 	 83.9189 	 80.7720 	 88.2034 
79940.jpg 	 153479 	 139.2330 	 0.3469 	 0.664444 	 450 	 137.5545 	 139.4066 	 142.7455 
81440.jpg 	 111076 	 151.7731 	 0.1184 	 0.664444 	 450 	 164.3505 	 155.2956 	 100.5383 
81441.jpg 	 100034 	 164.4341 	 0.0812 	 0.664444 	 450 	 152.9090 	 165.4102 	 189.7974 
81630.jpg 	 239874 	 152.2832 	 0.5131 	 0.666667 	 450 	 133.9693 	 169.4996 	 111.7473 
81750.jpg 	 122896 	 66.4705 	 0.1518 	 0.664444 	 450 	 106.5749 	 53.5236 	 27.8128 
82070.jpg 	 106434 	 104.2458 	 0.1403 	 0.664444 	 450 	 115.6457 	 100.6860 	 92.8636 
82550.jpg 	 139150 	 107.1590 	 0.1887 	 0.664444 	 450 	 144.2616 	 94.1585 	 76.6318 
84220.jpg 	 143344 	 90.7150 	 0.2685 	 0.664444 	 450 	 98.8542 	 86.4626 	 91.3211 
84533.jpg 	 116143 	 74.1161 	 0.1671 	 0.664444 	 450 	 93.6931 	 67.3637 	 57.5557 
85001.jpg 	 173446 	 67.9479 	 0.6463 	 0.664444 	 450 	 84.6999 	 66.4169 	 31.8726 
85010.jpg 	 141342 	 116.8394 	 0.1949 	 0.664444 	 450 	 150.6371 	 110.9180 	 58.5860 
85450.jpg 	 112986 	 120.7208 	 0.1487 	 0.664444 	 450 	 105.7148 	 124.3250 	 141.4869 
85621.jpg 	 143455 	 57.2214 	 0.3177 	 0.664444 	 450 	 53.3766 	 53.9942 	 83.9324 
85629.jpg 	 152294 	 130.2016 	 0.5012 	 0.664444 	 450 	 126.3720 	 129.4718 	 144.0546 
85725.jpg 	 176142 	 157.5255 	 0.5680 	 0.666667 	 450 	 153.5856 	 160.0202 	 155.0165 
85825.jpg 	 177811 	 127.0299 	 0.1954 	 0.664444 	 450 	 97.0319 	 136.1450 	 158.7886 
85829.jpg 	 138586 	 118.3215 	 0.0908 	 0.664444 	 450 	 173.0945 	 100.5164 	 66.2762 
87325.jpg 	 142134 	 116.5748 	 0.2227 	 0.664444 	 450 	 108.8715 	 126.7580 	 84.3971 
87515.jpg 	 149342 	 79.4343 	 0.3167 	 0.666667 	 450 	 101.4434 	 71.4120 	 62.9592 
88030.jpg 	 156664 	 174.9525 	 0.5649 	 0.664444 	 450 	 175.8346 	 173.1843 	 181.7556 
88158.jpg 	 184371 	 102.6379 	 0.3184 	 0.664444 	 450 	 99.5304 	 102.3764 	 112.2175 
88163.jpg 	 91150 	 180.8900 	 0.0788 	 0.666667 	 450 	 178.0985 	 181.2469 	 186.2291 
88179.jpg 	 149316 	 47.6531 	 0.5607 	 0.666667 	 450 	 53.3881 	 47.8113 	 31.9763 
88370.jpg 	 166771 	 132.8547 	 0.3209 	 0.664444 	 450 	 140.2297 	 133.3934 	 110.7405 
88492.jpg 	 196286 	 120.9589 	 0.4441 	 0.664444 	 450 	 121.4943 	 123.7178 	 105.3356 
90001.jpg 	 8868 	 241.2522 	 0.0719 	 0.665094 	 212 	 247.5263 	 244.7649 	 206.6078 
90002.jpg 	 10324 	 220.0208 	 0.2081 	 0.657407 	 216 	 234.2169 	 214.2208 	 212.6188 
90003.jpg 	 10607 	 222.2172 	 0.1974 	 0.666667 	 216 	 231.5856 	 219.0196 	 214.0737 
90004.jpg 	 9858 	 229.9411 	 0.0840 	 0.671296 	 216 	 247.6818 	 225.9947 	 203.6799 
90005.jpg 	 9088 	 246.1469 	 0.0764 	 0.666667 	 216 	 250.4057 	 248.0023 	 225.3478 
90006.jpg 	 10433 	 218.0564 	 0.1417 	 0.671296 	 216 	 231.4004 	 213.2107 	 207.9890 
90007.jpg 	 11870 	 209.9794 	 0.2750 	 0.666667 	 216 	 226.8076 	 203.9948 	 196.6578 
90008.jpg 	 10338 	 218.4864 	 0.1361 	 0.668224 	 214 	 214.6566 	 219.6704 	 222.4016 
